$ANSIBLE_VAULT;1.1;AES256
61333339633963363930623330396165633930303735643839623038656165373861643536336338
6330613330646635613262326166333833626663303039660a663938386133366437316638666365
35303463613933366166383838626162366538333861666530663231306561306265666563626462
3831323531326464390a313833636164623332356635636236663534393437353735353361616137
62306533646465613036393065373933353061633532613661626534623339386239663064663461
63616165366535343061666633643932643635656261396639356130373932323962303964346263
35383835653633346664313261333730326261353732363836363032353666306466663637333830
65316563313739663264303333653433623735336530336634383733643336313638373863373465
34373963373363653037323064623835346535396538383839353831666134316165633831653031
65346166616234323266353737656162656530626238623935366133363533383961346636613565
33333831313933303134373633366133663630373731326536636565356366313033666130633339
30306234663532313561303164643532616232323462623931303738616539383466323436326438
37356537306431643934336438313161303262646166363165396663646161346333306232396531
65613065386231353234386236373431613836366536363534333239636166373336666566646132
64363630643336656432306431333166653061643362343363383837663230373234383765653739
62336534323833663730646631323964313362366464613630633566636665346336323163663333
62633432373939303164336138303631303632343564633539343135353762333835613261383462
31326435313738643733343236656462303963616433373034323066636135663862353264636366
36303737623062376534303636623437663633663231633166306331346162613162666330623738
31346461656565616562
