$ANSIBLE_VAULT;1.1;AES256
30373966656138393761353536353435343438353035346465333263623439653738656335366135
3739393965646633633466366163663962636538323563390a643131326261313633303433633862
36616165313130656132373964663632363666353862366164633664333866633030396366336661
6161653130656135370a643436656261303461666638353862643932656532666161383932376633
38393630646138626532386330346266376337336631303666303234313636343033636565303563
36633165626266383539626165613164343166323734323939383436663433333533373836653237
38363364353338623838313564356336386231656133643636303639393531323034343732366261
64393334383838326663633835626634343362633637616135323562363134313635373832353637
64343864303765376532363031656131616339393564323339393836656435666539323665643963
61646139333466303566656533653437366433666534303463373666343563616634613364643237
34623632653835623061396630303233613761663862383964636233666538653832373735306333
39386532343933393838616538636462306136653263396464616263306635333064653365343765
35386365303462343335613762323464333863386232313733396437393436613364616566326531
37396235343161313866383037633261393563313266616266373039333964663430616434356466
61393833323632613234373765333361653763336333626530373137303265373363383735373335
37663466393336303231356230343835376138333833376434623761386332333839333561626631
30363163633834343536333766303134376264383766663434326664303661613534356137323765
33616231613666323937353737396639646136636232353234626161303739366239636339643032
35316434343836623432656266393761633237313134653964646231326532393931656661393564
32376161373436653566323765623533376234363130313461646565386163336532623566363432
38333938663639316433313362633733656437366565346535313736653731363064663030343738
64633965643461366363326663653139333138663164376161393463366265613564643939313232
31363530373734663438393662336630326635323531626434363333386138643130303662646335
65333364663738626633656333396635636632653637623563613633353236643632656533633931
33383361613235366566626333303139663633383439656138376332306535333962
