$ANSIBLE_VAULT;1.1;AES256
63613363656332313366633530326666373065343561333037386132643837316337653732303335
6232366666613361626634623939643833666532363430640a363263323333646163396162353035
34646531623030346564663563633037363932613965323838353361633336313532343130396437
3830613532623839390a346361633132633939623766643735653664363332353334663165626666
61666663306136333963373265323030613334663935336133303338303265653763323737343762
62333639623037373863313936626434393639353030663236353335306239656163363465343962
31326332316138336430376230393432633431326435323732653133326631613466383063623739
36653538313439616435643131373532376635396237363734323061663934643861623466323338
31616164613262323333613661613038656662306663383439613361643031633061316536663330
39623134333237356565383930383030323761336662663165623436386266393137313063646430
66313163653230656336653966616531616636303566653961643638373161656465306137373133
66313038663634623932336638383363616636666566646634633766323336633532323463323566
30613561363936303031623036396539623464316631323334613761383337396663366365353163
34353038393938363862343963666361663839313939336666356339653032643164653466323665
61646136326235613861336561386639336138306162393465636239313631353037646636326563
31656264373231336265626532343534373963343162613534353838666464313632373933313732
36663465383335656535613738333231633766373337636636316333303132343330646664646166
33313665353631316333333661373462616133373433393233333566663434366639306339666665
63326162663066323664613033356531333130373366666261326665373662376130663262373632
34333461653434373630386565633931666631643437323633333931343436326538373036633461
31356539656631356163326633613362383935643733306431366366623435653331386362333830
31633735613536366638303661643431646264306365613836333130336334313335336436303765
62383631346539633864333266393132346233323265363166343432643137663763616435613733
33393231396630653039623665366564383466393535656335383532363431363536626662623531
33353634616236313735343333343631306463323735643065373735613334656433373533376361
3339383932613461383330373732383664313639363930303035
