$ANSIBLE_VAULT;1.1;AES256
37653039323935346337663265333035346232326238393261343661386162353463633731626163
3364636332356561663538643165303338323164646463300a373738383432643363623130306536
32383963616661633763653835303238653565633430363733373865343162383432626637373338
6435353336313433310a396430633930383833633336333164393838346464326338336333643931
64623065363638386261316161376164373830393939336539626631383363656633313061393035
66343861383261646363626261656335373132663034353635663534346333363834636633643430
33643835313237663466653061323065313661343730313061303066656334373165646439323831
37313362356433366633666631653636633932393037336432653939393339646234333838353964
64306531623934636334613236363363316430313565343232376436346431303063636333613463
36303064373438306361616361636264353663363237376230633836383732656262633333373332
303931633731313338633833363761643231
